110100000000
110202000000
110203000000
110301000000
110390000000
110405000000
110490000000
120101010000
120101020000
120101030000
120102010000
120102020000
120102030000
120201010000
120201020000
120201030000
120202010000
120202020000
120202030000
120304010000
120304020000
120304030000
120305010000
120305020000
120305030000
120800000000
130105010000
130105020000
130105040000
130105050000
130105070000
130105060000
130122000000
131101000000
131103000000
131113000000
131105000000
131106000000
131104000000
131190000000
131601000000
131602000000
135105010000
135105020000
135105040000
135105050000
135105070000
135105060000
135122000000
136101000000
136103000000
136113000000
136105000000
136106000000
136104000000
136190000000
136601000000
136602000000
139150611000
139150612000
139150613000
139150614000
139150615000
139150616000
139150619000
139150661000
139150662000
139604000000
139697000000
140901000000
140902000000
140903000000
141300000000
140102000000
140103000000
140104000000
140105000000
140108000000
140112000000
140190000000
150100000000
150200000000
150300000000
150400000000
157000000000
160101000000
160102000000
160103000000
160104000000
160105000000
160106000000
160107000000
160190000000
160201000000
160202000000
160203000000
160204000000
160205000000
160206000000
160207000000
160290000000
170101000000
170102000000
170201000000
170202000000
170301000000
170302000000
179001000000
179002000000
179501010000
179501020000
179502010000
179502020000
179503010000
179503020000
179590010000
179590020000
180300000000
190301040000
190301110000
190301120000
190301060000
190301900000
190302010000
190302020000
190302800000
190302070000
190302900000
190303010100
190303010200
190303010300
190303020100
190303020200
190303020300
190303030000
190303040000
190303900000
190303910000
191604060000
191604040100
191604040200
191604080100
191604080200
191604089000
191606000000
210101010100
210101010200
210101020100
210101020200
210102010000
210102020000
211104010000
211104020000
211190100000
211190200000
216100000000
230202000000
230203000000
230204000000
230209000000
230205000000
230206000000
230207000000
230302000000
230303000000
230304000000
230309000000
230305000000
230306000000
230307000000
220901000000
220990000000
240800000000
240300000000
241000000000
241100000000
240901000000
240902000000
240903000000
241301000000
241302000000
241304000000
241390000000
240102050000
240102060000
240102080000
240102090000
240102900000
240103000000
240104000000
240113000000
240115000000
240119000000
240106000000
240107000000
240108000000
240109000000
240110100000
240110040100
240110040200
240110080100
240110080200
240110089000
240112100000
240112020000
240112030000
240112040000
240112060000
240112900000
240121000000
240190000000
280000000000
293101000000
293112000000
293104000000
293109000000
293111000000
293105000000
293190000000
293201000000
293202000000
293207000000
293208000000
293290000000
410101000000
410102000000
410102010000
410102900000
410103000000
410201000000
410202000000
410203000000
410300000000
410700000000
410800000000
411700000000
411800000000
420100000000
420200000000
420600000000
420700000000
420301000000
420302000000
420400000000
420501000000
420502000000
429000000000
420901000000
421400000000
710000000000
790000000000
730000000000
740000000000
750104000000
750101000000
750301000000
750302000000
750303000000
773107000000
773108000000
773109000000
773111000000
773190000000
773207000000
773208000000
773209000000
773211000000
773290000000
770000000000
780000000000
510101000000
510102000000
510301000000
510302000000
510303000000
510400000000
510501050000
510501220000
510511010000
510511020000
510511130000
510511030000
510511040000
510511050000
510511900000
510516010000
510516020000
510251050000
510251220000
510261010000
510261020000
510261130000
510261030000
510261040000
510261050000
510261900000
510266010000
510266020000
510651000000
510661000000
510671000000
510801000000
510803000000
519900000000
610100000000
610200000000
616100000000
611400000000
611200000000
610801000000
610803000000
619900000000
520200000000
520300000000
529900000000
629101510100
629101510200
629101610100
629101610200
629101611300
629101610300
629101610400
629101610500
629101619000
629101660100
629101660200
629604000000
629605000000
629603000000
629697000000
629900000000
532101050100
532101050200
532101050400
532101050500
532101050700
532101050600
532101220000
532111010100
532111010200
532111030000
532111010600
532111010300
532111010400
532111040000
532111900000
532166010000
532166020000
530100000000
530300000000
530400000000
530500000000
530600000000
530900000000
530800000000
531500000000
531600000000
539000000000
539900000000
630100000000
630500000000
630300000000
630400000000
639000000000
639900000000
540101000000
540192000000
540201000000
540202000000
540400000000
540301000000
540302000000
540303000000
540600000000
541000000000
540900000000
549900000000
505001000000
505023010000
505023090000
505004000000
505005000000
505012000000
505013000000
505024000000
505006000000
505025000000
505026010000
505026020000
505026030000
505026090000
505018010000
505018020000
505007000000
505008000000
505015000000
505016000000
505091000000
505010000000
505011000000
505017010000
505017020000
505017050000
505017030000
505017040000
505041000000
505027000000
505050000000
505042000000
505029000000
505030000000
505031000000
505032000000
505090000000
505088000000
505089000000
505099000000
641200000000
641101000000
641102000000
641190000000
640200000000
640300000000
640400000000
640500000000
640600000000
640800000000
640900000000
649000000000
649300000000
649212000000
649204010000
649204020000
649203010000
649203020000
649203030000
649100000000
649900000000
570103010000
570103020000
570105010000
570105020000
570108010000
570108020000
579900000000
580100000000
589900000000